[
    [1,21],
    [1,41],
    [2,44,22],
    [3,23],
    [4,5,10,24,29,46],
    [6,25],
    [7,26],
    [8,16,35,27,131,132],
    [9,17,28,36],
    [11,12,30,31,144,145],
    [13,32],
    [14,15,18,33,34,37],
    [19,20,38,39],
    [43,42,143],
    [46,143,144,145],
    [44,45],
    [47,66,85],
    [48,67,86],
    [49,68,87],
    [50,69,88],
    [51,52,70,71,89,90],
    [53,72,91],
    [54,73,92],
    [55,74,93],
    [56,75,94],
    [57,76,95],
    [58,77,96],
    [59,60,61,78,79,80,97,98,99],
    [62,63,81,82,100,101,65,84,103],
    [64,83,102],
    [105,106,107],
    [110,112],
    [113,121,123,125,122,124,138,139,140,126,141],
    [114,120,127,128],
    [115,116],
    [117,118]
]
